000000
0000
01012011
00000
007007
0987654321
010203
098765
00000000
01011980
01011
01012000
010101
01011990
0123456789
01012010
012345
090909
0.0.000
0007
0000000
01012001
0000000000
01011991
000007
01011985
01011970
01011981
01011986
0.0.0.000
000001
050505
01011989
020202
0420
01011988
030303
01011987
01011984
070707
03082006
02071986
0123
01011910
080808
01091989
01011992
02071982
01234567
01011975
0987
01011993
02091987
02021987
02081988
02051986
02041986
02011985
01011977
02101985
02031986
02021988
02061985
02011987
02091986
02021986
01011983
000111
02081987
02081984
02061986
02021984
01011982
02031984
02021985
02081989
02011986
01020304
01011999
02061989
02041984
02021983
02051983
02041983
02031987
02021989
02081986
02041988
02041987
02041982
02011988
09876543
02101984
02081985
02071984
02011980
010180
01011979
02021982
02061988
02031985
02081982
02051982
02061980
02031982
02011984
02091983
02061987
01081989
05051987
02101989
02101987
02071987
02071980
02041985
02091984
02091981
02091980
02061983
02041981
01011900
05051985
02081977
02071988
02051988
02051987
02041979
08031986
060606
02061984
02061982
02051989
02051984
02031981
06061986
02091985
02021981
02021979
01031988
02101986
02081983
02041989
02011989
01011978
03041991
02071981
02031979
02021976
01061990
01011960
07071987
02091989
02071989
02071983
02021973
02011981
01121986
01071986
0101
02101988
02081980
02021990
01091987
01041985
01011995
09051945
08121986
04041991
03041986
02101983
02101981
02031989
02031980
01121988
08051990
05051989
04041988
02051980
02051976
02041980
02031977
02011983
01061986
01041988
01011994
0000007
08081988
08031985
03031986
02101979
02071979
02071978
02051985
02051978
02051973
02041975
02041974
02031988
02011982
01031989
01011974
07091990
02051981
01031985
01021990
09021988
05061990
02051972
02041978
02031983
01091985
01031984
010191
01012009
08081986
07071990
07071977
05071984
04041983
03021986
02091988
02081976
02051977
02031978
01071987
01041987
01011976
09041987
09031988
06041988
05071988
03081989
02071985
02071975
0123456
01051989
01041992
01041990
0815
06081987
06021987
04041990
02081981
02061977
02041977
02031975
01121987
01061988
01031986
01021989
01021988
09021989
07051990
06051986
05091988
05081988
04061986
04041985
03041980
02101976
02071976
02061976
02011975
01031983
08071987
08061987
05061986
04061991
03111987
03071987
02091976
02081979
02041976
02031973
02021991
02021980
02021971
09090909
08051987
08041986
05051990
04081987
04051988
03061987
03031993
03031988
02101980
02101977
02091977
02091975
02061979
02051975
01081990
01061987
01011971
0911
07091982
07081986
06061987
06041987
06031983
04091986
03071986
03051987
03051986
03031990
03011987
02101978
02091973
02081974
02071977
02071971
0192837465
01051988
01051986
01011973
06071983
05021988
03041987
02091982
02091971
02061974
02051990
02051979
02011990
01051990
010390
01021985
09091986
09081988
09051986
08071988
08011986
07101987
07071985
0660
06061985
06011988
05031991
05021987
04061984
04051985
02101973
02061981
02061972
02041973
02011979
01101987
01051985
01021987
09111987
09081985
08121987
08111984
08101986
08051989
07091988
07081987
07071988
07071984
07071982
07051987
06031992
05111986
05051991
05031990
05011987
04111988
04061987
04041987
040404
02081973
02061978
02031991
02031990
02011976
01071984
01041980
01021992
09091988
09051987
09041986
08081990
08081989
08021990
07101984
07071989
07041987
07031989
07021991
06061981
06021986
05121990
05061988
05031987
04071988
04071986
04041986
03101991
03091983
03051988
03041983
03031992
02081970
02061971
02051970
02041972
02031974
02021978
0202
02011977
01121990
01091992
01081992
01081985
01011972
007bond
09041985
09031987
08041985
08031987
07061988
07041989
07021980
06011982
05121988
05061989
05051986
04031991
03071985
03061986
03061985
03031987
03031984
03011991
02111987
02061990
02011971
01091988
01071990
01061983
01051980
01022010
000777
000123
09051984
08071985
07081984
07041988
06101989
06061988
06041984
05091987
05081992
05081986
05071985
05041985
04111991
04071987
04021990
03091988
03061988
03041989
03041984
03031991
02091978
01071988
01061992
01041993
01041983
01031981
0069
