123456
12345678
123456789
12345
1234
111111
1234567
123123
123321
1234567890
1qaz2wsx
121212
123qwe
112233
1111
11111111
131313
159753
1234qwer
11111
123123123
123654
1q2w3e4r
12344321
123abc
159357
1990
123456a
101010
1991
12341234
1992
1212
1q2w3e4r5t
123456q
1111111
12345a
1989
1qazxsw2
102030
11223344
1993
1988
12qwaszx
1313
12121212
147258369
111222
147147
147258
12345q
1987
1232323q
147852
1986
1984
12345qwert
1969
123789
123456789a
1234554321
1980
1979
1985
141414
1994
1977
123123a
159951
123654789
134679
1111111111
1981
1q2w3e
151515
147852369
12312
1974
1975
1966
123456789q
1982
1978
1976
1029384756
1968
124578
1973
1983
1972
123qweasd
135790
171717
142536
1970
1967
1971
123qweasdzxc
1964
1010
1234abcd
181818
12345678910
1963
141627
13131313
1995
1a2b3c
1qaz2wsx3edc
1478963
13579
1965
123qwe123
11235813
123
123asd
191919
123454321
1234321
14789632
112358
1123581321
1961
1q1q1q
121314
1999
111222333
1q2w3e4r5t6y
1960
159159
147896325
123321123
123098
1701
1234567a
1996
192837465
123698745
1234512345
123456z
1a2b3c4d
19841984
12369874
161616
1122
123qaz
12312312
102938
123987
1122334455
1962
123zxc
19921992
11112222
12121
1234567q
1221
123321q
123456qwerty
1234567890q
10101010
1959
19871987
19891989
123457
15426378
132435
1366613
111111111
1957
19751975
12332
19851985
19911991
123456k
19941994
19781978
1225
1414
128500
1qaz1qaz
1955
1234qwe
19861986
123456789z
1066
19931993
19901990
1001
100000
150781
19831983
19951995
13243546
123456aa
1Passwor
1958
1919
143143
1998
1956
18436572
162534
1qa2ws3ed
1954
135246
123789456
122333
1000
123123q
12131415
10203
1230
123456r
19721972
19691969
1024
192837
112211
1357
12345z
1x2zkg8w
19881988
19741974
19731973
12345678q
10203040
1012
12345679
100100
19821982
19811981
1515
12qw34er
123qwerty
123aaa
10101
1007
1q2w3e4r5
125125
123451
1953
19411945
14725836
11223
135792468
12345qwe
187187
123456s
123456654321
1005
12301230
1997
19961996
19791979
1717
1213
19801980
147369
12qwas
1369
12345678a
12011987
1492
1020
1017
1357924680
12qw12
1236987
111333
1qaz2ws
123321a
123qq123
12345t
1234567890a
123455
19771977
19761976
147963
120676
1123
1945
159632
15151515
123456qw
1234567891
15975
1223
11221122
1022
12365
1011
1818
14141414
123465
1224
1211
111111a
12365478
1952
147741
1234asdf
1z2x3c
1a2s3d4f
123456qwe
1qa2ws
1Pussy
1947
1234560
1112
1000000
12051988
111qqq
1023
1013
19711971
1948
134679852
123qw
123000
153624
1121
111111q
1616
15051981
1949
13041988
1234qw
123456l
1215
111000
11051987
10011986
135791
1002
1z2x3c4v
14061991
13041987
123456m
12021988
11081989
19701970
1951
18011987
172839
1235
123456789s
1125
1102
1031
19651965
1941
19101987
19061987
1812
14111986
13031987
123ewq
123456123
12121990
112112
10071987
10031988
19971997
1776
17051988
14021985
13061986
12121985
11061985
10101986
10051987
10011990
196969
19681968
1946
17061988
16051989
16051987
1210
11051990
100500
19661966
18091985
18061990
15101986
15051990
15011987
13121985
12qw12qw
1234123
1204
12031987
12031985
11121986
1025
1003
17011987
16121987
15021985
142857
14021986
13021990
12345qw
123456ru
1124
10101990
10041986
1942
19283746
19031985
19011989
18091986
17111985
16051988
15071987
145236
14081985
132456
13071984
1231
12081985
1201
11021985
10071988
19051987
15041988
15011985
14021990
14011986
13051987
13011988
13011987
12345s
12061988
12041988
12041986
11111q
11071988
11031988
10081989
1qwerty
19671967
1950
19121989
19061990
18101987
18051988
18041986
18021984
17101986
17061989
17041991
16021990
15071988
15071986
14101987
135798642
13061987
1234zxcv
12321
1214
12071989
1129
11121985
11061991
10121987
101101
10101985
10031987
100200
1a2s3d
19981998
16051985
15111988
15051985
15021990
147896
14041988
123567
12345qwerty
12121988
12051990
12051986
12041990
11091989
11051986
11051984
1008
10061986
19061985
18111987
18021988
17071989
17031987
16051990
15021986
14031988
14021987
14011989
1220
1205
120120
111999
111777
1115
1114
11011990
1027
10011983
1qaz
199999
19101990
19071988
19071986
18061985
18051990
17071985
16111990
16061986
16011989
15081991
15051987
14071987
13031986
123qwer
1235789
123459
1227
1226
12101988
12081984
12071987
1200
11121987
11081987
11071985
11011991
1101
1004
19071990
19051986
19011987
17171717
17061986
17041987
16101987
16031990
159357a
15091987
15081988
15071985
15011986
14101988
14071988
14051990
14021983
132465
13111990
12121987
12121982
12061986
12011989
11111987
11081990
10111986
10031991
1943
19111987
19091988
18041990
18021986
18011986
17101987
17091987
17021985
17011990
16061985
1598753
15051986
14881488
14121989
14081988
14071986
13111984
122112
12121989
12101985
12051985
111213
11071986
1103
11011987
10293847
101112
10081985
10061987
10041983
19641964
19111986
19101986
19021990
18051987
18031991
18021987
16111982
16011987
15111984
15091988
15061988
15031988
15021983
14021989
14011988
14011987
12348765
12345qaz
1234566
12111990
12091988
12051989
12051987
12031988
12021985
12011985
11111986
11091984
1109
11071989
1016
10071985
10061984
10041990
10031989
10011988
1Dragon
19091990
19031987
18121984
18081988
18061991
18041991
18011988
17061991
17021987
16031988
16021987
15091989
15081990
15071983
15041987
14091990
14081990
14041992
14041987
14031989
13081985
13021987
123qwert
12345qwer
12345abc
123456t
123456789m
1212121212
12081983
12021991
111112
11101986
11081988
11061989
11041991
11011989
1018
1015
10121986
10121985
10101989
10041991
1q2q3q
1944
19091983
19061992
1905
19021991
18121987
18121983
18111986
16121986
16091987
16071991
16071987
15111989
15031990
14041986
13121983
13101987
13091984
13071990
1245
12345m
1234568
123456789qwe
1234567899
1234561
1228
12211221
12121991
12121986
12101990
12101984
12091991
1209
12081988
12071990
12071988
115599
11111a
11041990
1028
10081990
10081983
10071990
10061989
10011992
1qazzaq1
1qazxsw23edc
19991999
19061991
18101985
18051989
18031988
18021992
18011985
17051990
17051989
17051987
17021989
16091988
16081986
16061988
16061987
15121987
15091985
15081986
15061985
15011983
14101986
1357911
13071987
13061985
13021985
123456qqq
123456789d
1234509876
12131213
12111991
12111985
12081990
12081987
12071991
1207
120689
1120
11071987
11051988
1104
11031983
10091984
10071989
10071986
10061985
10051990
10041987
10031993
10031990
1passwor
19111985
19081987
19051983
19041985
18121990
18121985
18121812
18091987
17121985
17111987
17071987
17071986
17061987
17041986
17041985
16121991
16101986
16041988
16041985
16031986
16021988
16011986
15121983
15101991
15061984
15011988
14091987
14061988
14051983
13101992
13101988
13101982
13071989
13071985
13061991
13051990
13031989
123456n
1234567890-
123450
1216
12101989
1208
12071984
12061987
12041991
12031990
12021984
1117
11091986
11091985
11081986
1026
10101988
10101980
10091986
10091985
10081987
10051988
10021987
10021986
1qw23er4
1q1q1q1q
1Master
19121988
19081986
19071989
19041986
18111983
18071990
18071989
18071986
18031986
17121987
17091985
17071990
17051983
16091990
15081989
15071990
15051992
15051989
15031991
15011990
14031986
13091988
13091987
13091986
13081986
13071982
13051986
13041989
13021991
1269
123890
1234rewq
12345r
1231234
12111984
12091986
12081993
12071992
1206
12021990
111555
11111991
11091990
11061987
11061986
11061984
11041985
11031986
1030
1029
1014
101091m
10041984
10031980
10011980
