2000
222222
232323
2112
212121
2222
252525
242424
202020
22222222
2323
21122112
246810
2001
22222
272727
2121
2002
2525
262626
2468
25802580
258456
2020
2424
234567
23232323
223344
282828
2222222
21212121
222333
292929
20102010
200000
2003
2128506
20002000
20012001
2004
235689
25252525
2345
2010
24682468
2005
2580
21031988
2727
2469
24242424
258852
225588
20202020
22041987
2008
20022002
26061987
21031987
258258
24061986
22021989
21011989
20061988
23456789
23041987
28041987
25081988
24011985
20111986
28021992
25800852
22011988
29071983
29051989
29011985
28021990
28011987
27061988
25121987
25031987
24680
22021986
21031990
20091991
20031987
224466
22071986
21101986
21051991
20091988
2009
20051988
27081990
26031988
258369
25091987
25041988
24111989
23021986
22041988
22031984
21051988
25091990
25011990
24111987
23031990
22061988
21011991
21011988
258963
25101988
23051985
23041986
23021989
22121987
22091988
22071987
22021988
2006
20052005
29071985
29061990
27071987
27061985
27041990
26031990
24031988
23051990
2211
22011986
21061986
20121989
20092009
20091986
20081991
20041988
20041986
29051985
2626
26061985
25111987
25071990
22081986
22061989
21061985
20082008
20021988
29061989
28051987
27081986
25061985
25011986
24091986
24061988
24031990
21081987
21041992
20031991
2001112
28051986
28021985
27031989
26021987
25101989
25061986
25041985
25011985
24061987
23021985
23011985
223322
22121986
22121983
22081983
22071989
22061987
22061941
22041986
22021985
21021985
2007
20031988
29121987
29111989
29081990
29081985
29051990
27272727
27091985
27031987
26031987
26031984
24051990
23061990
22061990
22041985
22031991
22021990
21111985
21041985
20021986
29011987
28071986
28021986
27051987
27011988
26051988
26041991
26041986
25011993
24121986
24061992
24021991
24011990
23051986
23021988
23011990
21121986
21111990
21071989
20071986
20051985
20011989
2fast4u
29041985
28121984
28061986
28041992
28031982
27111985
27021991
26111985
26101986
26091986
26031986
25021988
24111990
24101986
24071987
24011987
23051991
23051987
23031987
222777
22071983
22051986
21101989
21071987
21051986
20081986
20061986
20031986
20021985
20011988
28071987
28051990
28051985
27041985
26071987
26061986
26051986
25121985
25051985
24081988
24041988
24031987
24021988
23skidoo
23121986
23091987
23071985
23061992
22111985
22091986
22081991
22071990
22061985
21081985
21071992
21021987
20101988
20061984
20051989
20041990
29061988
29061985
29031988
28061988
27061983
27031986
27021990
26101987
26071989
26071986
25081986
25061987
25051987
25041991
24101989
24071991
23111987
23091986
23051983
23031986
2222222222
22121989
22071991
22051991
22011985
21121985
21031985
20121988
20121986
20061990
20051987
29091987
29061986
29011982
2828
28101986
28081990
28081986
28011988
27111989
27031992
27021992
26081986
25081985
25031991
25031983
24121987
24091991
23111989
23091989
23091985
23061989
22091991
22071985
22071984
22061984
22051989
22051987
22031986
22011992
21061988
21031984
20071988
20061983
20041985
29041988
27091991
26121989
26061989
26031991
25111991
25031984
25021986
24121989
24121988
24101990
24101984
24071992
24051989
24041986
23091991
23061987
23041988
23021992
23021983
22111988
22091990
22091984
22051988
21111986
21101988
21101987
21091989
21051990
21021989
20101987
20071984
20051983
20031990
20031985
20011983
29111988
29051992
29041989
29031990
28121989
28071985
28021983
27111990
27071988
26071984
26061991
26021992
26011990
26011986
25091991
25091989
25081989
25071987
25071985
25071983
25051988
25051980
25041987
25021985
24101991
24101988
24071990
24061985
24041985
24041984
23456
23111986
23101987
23041991
23031983
22071992
22071988
21121989
21111989
21111983
21101983
21041991
21041987
21031986
21021990
21021988
20081990
20061991
20061987
20032003
20031992
