333333
315475
3333
323232
321321
31415926
314159
321654
343434
363636
33333333
303030
313131
353535
33333
369369
362436
321654987
3333333
321123
321456
332211
333666
336699
3232
311311
369963
373737
3131
369258
369852
3434
321321321
383838
333777
30051985
3636
30041986
31011987
3030
30031988
3000gt
3x7PxR
357357
30041987
357159
345678
31031988
30081984
333444
30041985
30011985
357951
3006
393939
31121990
30121987
31011990
369258147
31121988
31121987
30061987
30011986
3ip76k2
32167
31031987
30111987
30071986
30061983
30051989
30041991
321678
31101987
31051985
30121986
30091989
30031992
30031986
30011987
31071990
31051993
30051987
30011990
31121986
31121985
31051991
31051987
30121988
30121985
30101988
30061988
334455
31051982
30051988
30051986
